ISS (ZARYA)             
1 25544U 98067A   19163.88638889  .00000990  00000-0  24449-4 0  9993
2 25544  51.6446  22.6437 0007906  43.2532 145.2643 15.51194773174586
TIANGONG-2              
1 41765U 16057A   19163.79189815  .00003543  00000-0  44253-4 0  9997
2 41765  42.7840 353.0234 0008375 242.0493 303.4541 15.61715375156358
BANXING-2               
1 41834U 16057H   19163.48554383  .00149145  18892-4  15734-3 0  9998
2 41834  42.7716 217.6194 0013924  51.8939  83.4841 16.09400896151898
ALTAIR PATHFINDER       
1 42711U 98067LS  19163.65223954  .00029868  00000-0  15767-3 0  9993
2 42711  51.6344 321.0950 0001774 132.3765 227.7387 15.80366376118131
ZA-AEROSAT              
1 42713U 98067LU  19151.03730059  .02928871  12128-4  58594-3 0  9990
2 42713  51.6172 356.2792 0012791 275.7272  84.2292 16.30383675116521
NJUST-1                 
1 42722U 98067MB  19163.60191535  .00140000  19388-4  27910-3 0  9997
2 42722  51.6313 300.7771 0004325 291.1046 159.3619 15.99543553117462
NSIGHT                  
1 42726U 98067MF  19163.73220250  .00016971  00000-0  13609-3 0  9998
2 42726  51.6368 339.1900 0005003 153.0205 207.1054 15.71143065116887
KESTREL EYE IIM (KE2M)  
1 42982U 98067NE  19163.78248182  .00006393  00000-0  75732-4 0  9994
2 42982  51.6383   2.0860 0004693 119.3263 240.8200 15.62680335 92990
ASTERIA                 
1 43020U 98067NH  19163.75176004  .00020594  00000-0  16951-3 0  9994
2 43020  51.6429 350.0229 0002277 108.4940 251.6305 15.70365435 88921
DELLINGR (RBLE)         
1 43021U 98067NJ  19163.82916698  .00007207  00000-0  83491-4 0  9994
2 43021  51.6392   1.6874 0002759  92.1640 267.9670 15.63030295 88770
1KUNS-PF                
1 43466U 98067NP  19163.78818099  .00015484  00000-0  15367-3 0  9990
2 43466  51.6382   4.3885 0001376 120.0042 240.1091 15.65982581 61996
UBAKUSAT                
1 43467U 98067NQ  19163.78492274  .00009576  00000-0  11048-3 0  9991
2 43467  51.6385   8.1154 0002644  67.6137 292.5138 15.62678469 61954
BATSU-CS1 (IRAZU)       
1 43468U 98067NR  19163.78790048  .00023314  00000-0  20449-3 0  9993
2 43468  51.6371   1.3658 0001345 137.1857 222.9244 15.68731184162028
CUBERRT                 
1 43546U 98067NU  19162.99767240  .00025026  00000-0  26124-3 0  9998
2 43546  51.6389  13.3560 0005582 109.7730 250.3868 15.64326328 51942
TEMPEST-D               
1 43547U 98067NV  19163.18493672  .00003278  00000-0  49648-4 0  9998
2 43547  51.6393  19.1051 0006331  99.3598 260.8110 15.57914914 51566
RAINCUBE                
1 43548U 98067NW  19163.13444938  .00009387  00000-0  11433-3 0  9992
2 43548  51.6380  15.7555 0006248 112.0130 248.1528 15.61278008 52055
HALOSAT                 
1 43549U 98067NX  19163.01009557  .00011148  00000-0  13494-3 0  9991
2 43549  51.6387  16.4349 0006151 112.9859 247.1784 15.61210091 51591
RADIX                   
1 43550U 98067NY  19163.82981203  .00020435  00000-0  20220-3 0  9993
2 43550  51.6364   7.6188 0004969 134.1231 226.0174 15.65821266 52244
ENDUROSAT ONE           
1 43551U 98067NZ  19163.86925879  .00012162  00000-0  13836-3 0  9998
2 43551  51.6384  10.1776 0006436 124.7456 235.4145 15.62727132 52161
EQUISAT                 
1 43552U 98067PA  19163.01297164  .00009776  00000-0  11768-3 0  9994
2 43552  51.6400  15.7261 0006802 119.9455 240.2214 15.61526075 51974
1998-067PB              
1 43553U 98067PB  19162.98883469  .00008004  00000-0  10179-3 0  9997
2 43553  51.6412  17.0881 0007001 117.8938 242.2765 15.60374192 52004
1998-067PC              
1 43554U 98067PC  19163.01055064  .00012521  00000-0  14081-3 0  9990
2 43554  51.6387  14.1922 0006578 121.1379 239.0261 15.62993363 51570
AEROCUBE 12A            
1 43556U 18046C   19163.31075681  .00000928  00000-0  45442-4 0  9995
2 43556  51.6434  87.2610 0008984  49.1732 311.0025 15.28693458 50588
AEROCUBE 12B            
1 43557U 18046D   19163.84676825  .00001438  00000-0  63648-4 0  9996
2 43557  51.6436  84.8361 0008949  51.0125 309.1651 15.28568919 50616
LEMUR-2-VU              
1 43558U 18046E   19163.29939213  .00001182  00000-0  53458-4 0  9993
2 43558  51.6421  86.4601 0008489  50.8031 309.3702 15.29315881 50582
LEMUR-2-ALEXANDER       
1 43559U 18046F   19163.29206926  .00001169  00000-0  52871-4 0  9995
2 43559  51.6417  86.4143 0008533  51.0215 309.1524 15.29404711 50363
LEMUR-2-YUASA           
1 43560U 18046G   19162.84529076  .00001282  00000-0  56956-4 0  9995
2 43560  51.6433  88.6720 0008835  61.4554 298.7315 15.29288277 50519
LEMUR-2-TOMHENDERSON    
1 43561U 18046H   19163.36484494  .00000998  00000-0  47140-4 0  9996
2 43561  51.6432  86.1427 0008725  63.3229 296.8643 15.29272208 50154
SIRIUSSAT-1             
1 43595U 98067PG  19163.81771365  .00009811  00000-0  12087-3 0  9994
2 43595  51.6376  13.5563 0004138  94.1810 265.9657 15.60920484 46928
SIRIUSSAT-2             
1 43596U 98067PH  19163.84749623  .00010553  00000-0  13031-3 0  9995
2 43596  51.6386  13.7883 0004679  94.2150 265.9378 15.60759688 46921
TANUSHA-3               
1 43597U 98067PJ  19163.27500103  .00012933  00000-0  14969-3 0  9996
2 43597  51.6371  15.1575 0004270 106.9325 253.2137 15.62219916 46854
1998-067PK              
1 43598U 98067PK  19163.84915337  .00014323  00000-0  16409-3 0  9995
2 43598  51.6380  12.2602 0004459 106.9892 253.1591 15.62379576 46944
1998-067PN              
1 43638U 98067PN  19163.83200153  .00005726  00000-0  81889-4 0  9994
2 43638  51.6393  17.4275 0003384  82.0195 278.1181 15.57862669 38792
1998-067PP              
1 43639U 98067PP  19163.02613146  .00008212  00000-0  10926-3 0  9992
2 43639  51.6401  20.2990 0005877  80.7206 279.4451 15.59129870 38691
STARS-ME                
1 43640U 98067PQ  19162.88529706  .00006877  00000-0  95051-4 0  9993
2 43640  51.6385  21.6028 0006021  76.6431 283.5232 15.58410822 38666
SOYUZ-MS 11             
1 43756U 18098A   19162.27016950  .00001136  00000-0  26891-4 0  9991
2 43756  51.6446  30.6641 0007806  37.6690 119.4395 15.51190303 29499
ISS DEB (SEDA-AP)       
1 43870U 98067PU  19162.99670938  .00002838  00000-0  48076-4 0  9992
2 43870  51.6429  24.5944 0005712 102.2711 257.8946 15.55321013 26799
CATSAT-2                
1 44029U 98067PV  19163.25434519  .00007621  00000-0  11302-3 0  9998
2 44029  51.6402  23.3274 0005698 120.7176 239.4377 15.56302495 20571
DELPHINI                
1 44030U 98067PW  19163.82725857  .00008187  00000-0  12029-3 0  9996
2 44030  51.6395  20.3947 0005375 122.2505 237.9008 15.56439905 20631
UNITE                   
1 44031U 98067PX  19163.15346863  .00005117  00000-0  80207-4 0  9993
2 44031  51.6400  24.1461 0004073 116.0858 244.0553 15.55591211 20528
TECHEDSAT 8             
1 44032U 98067PY  19162.87364850  .00018066  00000-0  23053-3 0  9990
2 44032  51.6395  23.7785 0004537 117.3511 242.7944 15.59343158 20484
CATSAT-1                
1 44033U 98067PZ  19163.76799223  .00007985  00000-0  11804-3 0  9995
2 44033  51.6404  20.7578 0005489 122.5974 237.5548 15.56311331 20567
SOYUZ-MS 12             
1 44069U 19013A   19162.27016950  .00001136  00000-0  26891-4 0  9997
2 44069  51.6446  30.6641 0007806  37.6690 119.4395 15.51190303 13748
PROGRESS-MS 11          
1 44110U 19019A   19162.27016950  .00001136  00000-0  26891-4 0  9990
2 44110  51.6446  30.6641 0007806  37.6690 119.4395 15.51190303 10539
CYGNUS NG-11            
1 44188U 19022A   19162.27016950  .00001136  00000-0  26891-4 0  9999
2 44188  51.6446  30.6641 0007806  37.6690 119.4395 15.51190303  8441
1998-067QA              
1 44303U 98067QA  19163.20572867  .00002721  00000-0  52853-4 0  9990
2 44303  51.6436  25.9961 0006463  37.0564 323.0871 15.51528918  2075
1998-067QB              
1 44304U 98067QB  19162.88165651  .00007917  00000-0  13738-3 0  9993
2 44304  51.6430  27.5856 0006641  18.4562 341.6668 15.51842251  2035
1998-067QC              
1 44305U 98067QC  19157.34141877  .00009942  00000-0  16865-3 0  9997
2 44305  51.6398  55.0800 0006054  49.1840 310.9674 15.52153184  1173
1998-067QD              
1 44306U 98067QD  19163.20699333  .00002871  00000-0  55612-4 0  9993
2 44306  51.6420  26.0045 0007910  32.0702 328.0767 15.51386658  2086
